"date"	"depth"	"temperature"	"salinity"	"theta"	"sigmatheta"	"heatfluxes"	"daylength"	"par0"	"kdwater"	"par"
"2011-04-05"	6.86999988555908	4.95329999923706	35.1939010620117	4.95277228099517	27.834768048642	-15.9367222372029	14.405627494405	20	0.027	16.6139429015518
"2011-04-05"	10.6599998474121	4.95209980010986	35.1932983398438	4.95128076295981	27.8344640175421	-15.9367222372029	14.405627494405	20	0.027	14.9979312912398
"2011-04-05"	16.1399993896484	4.95289993286133	35.1938018798828	4.95165907526751	27.8348192925887	-15.9367222372029	14.405627494405	20	0.027	12.9352001628544
"2011-04-05"	21.0799999237061	4.95240020751953	35.1934013366699	4.9507788768748	27.8346042833814	-15.9367222372029	14.405627494405	20	0.027	11.3200136161444
"2011-04-05"	25.4799995422363	4.95389986038208	35.1935997009277	4.95193896383998	27.8346262551847	-15.9367222372029	14.405627494405	20	0.027	10.052006696969
"2011-04-05"	30.5499992370605	4.95319986343384	35.1931991577148	4.95084781998089	27.834435863869	-15.9367222372029	14.405627494405	20	0.027	8.76601483345852
"2011-04-05"	35.6500015258789	4.95289993286133	35.1935005187988	4.95015394796176	27.8347558774951	-15.9367222372029	14.405627494405	20	0.027	7.63835474408741
"2011-04-05"	40.7200012207031	4.95389986038208	35.1935997009277	4.95076148271488	27.8347636618294	-15.9367222372029	14.405627494405	20	0.027	6.66115065463285
"2011-04-05"	45.6399993896484	4.95289993286133	35.1935005187988	4.94938105020856	27.834846056669	-15.9367222372029	14.405627494405	20	0.027	5.8325382911883
"2011-04-05"	50.7999992370605	4.95419979095459	35.1934013366699	4.95028059903923	27.8346624250978	-15.9367222372029	14.405627494405	20	0.027	5.07401437454194
"2011-04-05"	55.9099998474121	4.95389986038208	35.1932983398438	4.94958444343951	27.8346619507765	-15.9367222372029	14.405627494405	20	0.027	4.42009981172937
"2011-04-05"	60.9000015258789	4.95270013809204	35.1934013366699	4.9479978636553	27.8349287498754	-15.9367222372029	14.405627494405	20	0.027	3.86295421858781
"2011-04-05"	65.8600006103516	4.95329999923706	35.1931991577148	4.94821202177956	27.8347433907754	-15.9367222372029	14.405627494405	20	0.027	3.37877175403696
"2011-04-05"	70.75	4.95349979400635	35.1935997009277	4.94803130222142	27.8350821992431	-15.9367222372029	14.405627494405	20	0.027	2.9608674225188
"2011-04-05"	75.7399978637695	4.95329999923706	35.1935005187988	4.94744312698519	27.8350721366014	-15.9367222372029	14.405627494405	20	0.027	2.58765570139231
"2011-04-05"	80.6800003051758	4.95370006561279	35.1936988830566	4.94745793640679	27.8352277595695	-15.9367222372029	14.405627494405	20	0.027	2.26454139838251
"2011-04-05"	85.6600036621094	4.95459985733032	35.1935997009277	4.94796865784019	27.8350895071105	-15.9367222372029	14.405627494405	20	0.027	1.97963438710169
"2011-04-05"	90.5199966430664	4.95550012588501	35.1935005187988	4.94848879471969	27.8349501534606	-15.9367222372029	14.405627494405	20	0.027	1.73618879671192
"2011-04-05"	95.4700012207031	4.95580005645752	35.1936988830566	4.94840153812475	27.8351176829212	-15.9367222372029	14.405627494405	20	0.027	1.51898483587039
"2011-04-05"	100.669998168945	4.95690011978149	35.1939010620117	4.94909381911572	27.8351972933053	-15.9367222372029	14.405627494405	20	0.027	1.3200139741143
"2011-04-05"	105.790000915527	4.95790004730225	35.1938018798828	4.94969187580616	27.8350488413262	-15.9367222372029	14.405627494405	20	0.027	1.14958642681279
"2011-04-05"	110.819999694824	4.95900011062622	35.1940994262695	4.95039650118352	27.83520264858	-15.9367222372029	14.405627494405	20	0.027	1.00359874177102
"2011-04-05"	115.900001525879	4.95979976654053	35.1941986083984	4.95079663614463	27.8352346320407	-15.9367222372029	14.405627494405	20	0.027	0.874968172436178
"2011-04-05"	121.019996643066	4.96019983291626	35.1944007873535	4.95079394733537	27.8353953205242	-15.9367222372029	14.405627494405	20	0.027	0.762000828665307
"2011-04-05"	125.440002441406	4.96150016784668	35.1948013305664	4.95174526134388	27.8356020279825	-15.9367222372029	14.405627494405	20	0.027	0.676280199603662
"2011-04-05"	130.529998779297	4.96229982376099	35.1945991516113	4.95214337331405	27.835395192099	-15.9367222372029	14.405627494405	20	0.027	0.589442742003584
"2011-04-05"	135.619995117188	4.96299982070923	35.1945991516113	4.95244144192454	27.8353604048068	-15.9367222372029	14.405627494405	20	0.027	0.513755609441656
"2011-04-05"	140.839996337891	4.96309995651245	35.1950988769531	4.95212949122738	27.8357932084728	-15.9367222372029	14.405627494405	20	0.027	0.446218013196405
"2011-04-05"	146.070007324219	4.96309995651245	35.1948013305664	4.95171650264286	27.8356053842094	-15.9367222372029	14.405627494405	20	0.027	0.387454086290971
"2011-04-05"	150.639999389648	4.96470022201538	35.1954002380371	4.95295346398704	27.8359360874522	-15.9367222372029	14.405627494405	20	0.027	0.342478050328189
"2011-04-05"	160.449996948242	4.96589994430542	35.1950988769531	4.95337508976648	27.8356478275962	-15.9367222372029	14.405627494405	20	0.027	0.262785375146272
"2011-04-05"	171.100006103516	4.96589994430542	35.1953010559082	4.95253015083271	27.8359068210445	-15.9367222372029	14.405627494405	20	0.027	0.19711501438496
"2011-04-05"	180.369995117188	4.96619987487793	35.1954002380371	4.95209285663745	27.8360365322064	-15.9367222372029	14.405627494405	20	0.027	0.153468860671351
"2011-04-05"	190.809997558594	4.9672999382019	35.1952018737793	4.95236003010499	27.8358480022684	-15.9367222372029	14.405627494405	20	0.027	0.115771407104506
"2011-04-05"	201.059997558594	4.96840000152588	35.1953010559082	4.95264049775937	27.8358939419843	-15.9367222372029	14.405627494405	20	0.027	0.0877829787940913
"2011-04-05"	211.029998779297	4.96909999847412	35.1953010559082	4.95254227297774	27.8359054062241	-15.9367222372029	14.405627494405	20	0.027	0.0670660252399516
"2011-04-05"	220.440002441406	4.96979999542236	35.195499420166	4.95248729730165	27.8360691705948	-15.9367222372029	14.405627494405	20	0.027	0.0520189193788341
"2011-04-05"	230.970001220703	4.96979999542236	35.19580078125	4.95164217286198	27.8364068525575	-15.9367222372029	14.405627494405	20	0.027	0.0391459715603165
"2011-04-05"	241.110000610352	4.97060012817383	35.1957015991211	4.95162557774562	27.8363301150623	-15.9367222372029	14.405627494405	20	0.027	0.0297704870718163
"2011-04-05"	251.160003662109	4.97100019454956	35.195499420166	4.95121536430296	27.8362176131091	-15.9367222372029	14.405627494405	20	0.027	0.0226955178547613
"2011-04-05"	260.679992675781	4.94229984283447	35.1907997131348	4.92180716773569	27.8359161659121	-15.9367222372029	14.405627494405	20	0.027	0.0175512952444309
"2011-04-05"	271.029998779297	4.9077000617981	35.1875991821289	4.88644762453483	27.837483444084	-15.9367222372029	14.405627494405	20	0.027	0.0132722791476953
"2011-04-05"	280.290008544922	4.89900016784668	35.187198638916	4.87702160381617	27.83825781885	-15.9367222372029	14.405627494405	20	0.027	0.0103362519408275
"2011-04-05"	290.950012207031	4.894700050354	35.1873016357422	4.87187232275882	27.8389357344345	-15.9367222372029	14.405627494405	20	0.027	0.00775111902253303
"2011-04-05"	300.450012207031	4.89480018615723	35.1870002746582	4.87120586414832	27.8387737643407	-15.9367222372029	14.405627494405	20	0.027	0.00599746705710987
"2011-04-05"	311.100006103516	4.89389991760254	35.1875	4.86944663864343	27.83937386926	-15.9367222372029	14.405627494405	20	0.027	0.00449869514856069
"2011-04-05"	320.510009765625	4.89620018005371	35.1884002685547	4.8709786955006	27.8399108678809	-15.9367222372029	14.405627494405	20	0.027	0.0034893563381109
"2011-04-05"	330.609985351562	4.89720010757446	35.1884002685547	4.87115655611934	27.8398902812739	-15.9367222372029	14.405627494405	20	0.027	0.00265652253023088
"2011-04-05"	340.200012207031	4.89909982681274	35.1887016296387	4.87227149590889	27.8400003341935	-15.9367222372029	14.405627494405	20	0.027	0.00205050729383895
"2011-04-05"	350.739990234375	4.88800001144409	35.1879997253418	4.86034387848794	27.8408233132491	-15.9367222372029	14.405627494405	20	0.027	0.00154265940927734
"2011-04-05"	360.730010986328	4.88700008392334	35.1882019042969	4.85853227454892	27.8411931742351	-15.9367222372029	14.405627494405	20	0.027	0.00117795190403805
"2011-04-05"	370.529998779297	4.88880014419556	35.1885986328125	4.85952668114854	27.8413930083364	-15.9367222372029	14.405627494405	20	0.027	0.000904093572535392
"2011-04-05"	381.070007324219	4.89860010147095	35.1907997131348	4.86843383966275	27.8421092152971	-15.9367222372029	14.405627494405	20	0.027	0.000680176711160991
"2011-04-05"	390.839996337891	4.89820003509521	35.190299987793	4.86723372273156	27.841851578788	-15.9367222372029	14.405627494405	20	0.027	0.000522467578081599
"2011-04-05"	401.230010986328	4.89219999313354	35.1898002624512	4.86039875938623	27.8422456361175	-15.9367222372029	14.405627494405	20	0.027	0.000394663117883986
"2011-04-05"	420.950012207031	4.86310005187988	35.1865005493164	4.82977201664636	27.8431628900098	-15.9367222372029	14.405627494405	20	0.027	0.000231734542207102
"2011-04-05"	441.160003662109	4.84700012207031	35.185001373291	4.81206243251413	27.8440124982631	-15.9367222372029	14.405627494405	20	0.027	0.000134279403869222
"2011-04-05"	460.529998779297	4.84700012207031	35.1851005554199	4.81046255151351	27.8442752563199	-15.9367222372029	14.405627494405	20	0.027	7.95935344840975e-05
"2011-04-05"	480.390014648438	4.84359979629517	35.184700012207	4.80542923313002	27.8445362101027	-15.9367222372029	14.405627494405	20	0.027	4.65586326733409e-05
"2011-04-05"	501.019989013672	4.83139991760254	35.1828994750977	4.79156284997341	27.8447002987268	-15.9367222372029	14.405627494405	20	0.027	2.66743686358648e-05
"2011-04-05"	525.739990234375	4.82800006866455	35.1825981140137	4.78611588251076	27.8450862699192	-15.9367222372029	14.405627494405	20	0.027	1.36844902801582e-05
"2011-04-05"	550.559997558594	4.81979990005493	35.1814994812012	4.77587376485442	27.8453888397871	-15.9367222372029	14.405627494405	20	0.027	7.00148939709424e-06
"2011-04-05"	575.539978027344	4.80989980697632	35.1808013916016	4.7639196506368	27.8462040347779	-15.9367222372029	14.405627494405	20	0.027	3.56678070188579e-06
"2011-04-05"	600.840026855469	4.79390001296997	35.1790008544922	4.74586292594548	27.846839926551	-15.9367222372029	14.405627494405	20	0.027	1.80139633605179e-06
"2011-04-05"	625.530029296875	4.77150011062622	35.1761016845703	4.72148668569385	27.8473201453355	-15.9367222372029	14.405627494405	20	0.027	9.24901568561959e-07
"2011-04-05"	651.190002441406	4.77150011062622	35.1769981384277	4.71931143036272	27.8482796555861	-15.9367222372029	14.405627494405	20	0.027	4.62602449374069e-07
"2011-04-05"	675.22998046875	4.71040010452271	35.168098449707	4.65649328611	27.8483476600645	-15.9367222372029	14.405627494405	20	0.027	2.41722080336066e-07
"2011-04-05"	700.390014648438	4.65240001678467	35.165901184082	4.59667034251149	27.8533523917301	-15.9367222372029	14.405627494405	20	0.027	1.22543701706865e-07
"2011-04-05"	725.390014648438	4.65010023117065	35.1678009033203	4.59225845820421	27.8553571876671	-15.9367222372029	14.405627494405	20	0.027	6.23939125290665e-08
"2011-04-05"	750.590026855469	4.55450010299683	35.157299041748	4.49507481331075	27.8578843301996	-15.9367222372029	14.405627494405	20	0.027	3.15971644952163e-08
"2011-04-05"	775.489990234375	4.019700050354	35.1007995605469	3.9614357089209	27.870597579923	-15.9367222372029	14.405627494405	20	0.027	1.61314111469512e-08
"2011-04-05"	800.340026855469	3.63669991493225	35.0690002441406	3.57884189502337	27.8844533736519	-15.9367222372029	14.405627494405	20	0.027	8.2467351728896e-09
"2011-04-05"	825.669982910156	3.18339991569519	35.032901763916	3.12652326395343	27.8996507656223	-15.9367222372029	14.405627494405	20	0.027	4.16163727234682e-09
"2011-04-05"	850.849975585938	2.70169997215271	34.9985008239746	2.64619123787757	27.9160800450632	-15.9367222372029	14.405627494405	20	0.027	2.10865176575197e-09
"2011-04-05"	876.130004882812	2.21700000762939	34.9748992919922	2.16305850626924	27.9384173507208	-15.9367222372029	14.405627494405	20	0.027	1.06554667643035e-09
"2011-04-05"	900.369995117188	1.60679996013641	34.9468002319336	1.55560839235308	27.9634755525117	-15.9367222372029	14.405627494405	20	0.027	5.53777798925115e-10
"2011-04-05"	924.190002441406	1.08319997787476	34.9258995056152	1.03438874568461	27.98368767187	-15.9367222372029	14.405627494405	20	0.027	2.9108732951162e-10
"2011-04-05"	950.940002441406	0.73989999294281	34.9137001037598	0.692115513714135	27.9962202691322	-15.9367222372029	14.405627494405	20	0.027	1.41368976016356e-10
"2011-04-05"	976.27001953125	0.669799983501434	34.910701751709	0.621089169202881	27.9982478447605	-15.9367222372029	14.405627494405	20	0.027	7.13404053698736e-11
"2011-04-05"	1000.41998291016	0.487300008535385	34.9061012268066	0.438662595024038	28.0056415976815	-15.9367222372029	14.405627494405	20	0.027	3.71667242258454e-11
"2011-04-05"	1050.59997558594	0.156299993395805	34.8982009887695	0.107601969886586	28.0182715663054	-15.9367222372029	14.405627494405	20	0.027	9.58840013562896e-12
"2011-04-05"	1100.61999511719	0.0344999991357327	34.8959999084473	-0.0159049849610908	28.023203824923	-15.9367222372029	14.405627494405	20	0.027	2.48435612492809e-12
"2011-04-05"	1150.69995117188	-0.0509000010788441	34.8955993652344	-0.103305323881261	28.027503021136	-15.9367222372029	14.405627494405	20	0.027	6.4265625575772e-13
"2011-04-05"	1193.28002929688	-0.119999997317791	34.8964004516602	-0.174123540289045	28.0318198653317	-15.9367222372029	14.405627494405	20	0.027	2.03557369152278e-13
