	6.25			5.86380004882812	35.1828002929688	5.86327551634776	27.7149349126137	-279.05089992947	10	0.027	8.44720057004983
	9.85000038146973	5.8636999130249		35.1833000183105	5.86287299444063	27.7153813137393	-279.05089992947	10	0.027	7.66477442520985
	15.25			5.86469984054565	35.1833000183105	5.86341887534276	27.7153119025636	-279.05089992947	10	0.027	6.62489877820494
	19.7399997711182	5.86100006103516	35.1834983825684	5.8593418707941		27.715987112836		-279.05089992947	10	0.027	5.86853541424976
	24.8700008392334	5.86310005187988	35.1829986572266	5.86100963109919	27.7153798832298	-279.05089992947	10	0.027	5.10946688168039
	30.3299999237061	5.86439990997314	35.1832008361816	5.86184904863723	27.7154330630788	-279.05089992947	10	0.027	4.40911987651174
	34.4500007629395	5.86509990692139	35.1831016540527	5.86220133755746	27.7153098318668	-279.05089992947	10	0.027	3.94494523627216
	39.7700004577637	5.86800003051758	35.1827011108398	5.86465145522217	27.714681504799		-279.05089992947	10	0.027	3.41710971309314
	44.5699996948242	5.8653998374939		35.1837997436523	5.86164639378825	27.7159324902543	-279.05089992947	10	0.027	3.00174894730177
	50.4300003051758	5.86619997024536	35.1838989257812	5.86195058635976	27.7159722558622	-279.05089992947	10	0.027	2.56247883457995
	54.5999984741211	5.86679983139038	35.1832008361816	5.86219724533007	27.7153887928541	-279.05089992947	10	0.027	2.28961832688514
	60.2900009155273	5.86980009078979	35.1828994750977	5.8647140219368		27.7148304282557	-279.05089992947	10	0.027	1.96355198089259
	64.370002746582		5.87190008163452	35.1829986572266	5.86646688015716	27.7146859372931	-279.05089992947	10	0.027	1.75873538377517
	69.5999984741211	5.87410020828247	35.1825981140137	5.86822181230904	27.7141459340246	-279.05089992947	10	0.027	1.52712232974897
	74.2699966430664	5.87419986724854	35.1825981140137	5.86792450122384	27.714183754553		-279.05089992947	10	0.027	1.34621262073367
	80.5199966430664	5.87510013580322	35.1827011108398	5.86829250046461	27.7142183977646	-279.05089992947	10	0.027	1.13717280172697
	83.9000015258789	5.87489986419678	35.1827011108398	5.86780456210206	27.7142804677142	-279.05089992947	10	0.027	1.03798885925937
	87.4599990844727	5.87559986114502	35.1825981140137	5.86820080491334	27.714148606379		-279.05089992947	10	0.027	0.94286243959474
	90.9400024414062	5.87559986114502	35.1828994750977	5.867904087625		27.7144246859161	-279.05089992947	10	0.027	0.858305679676598
	96.9599990844727	5.87639999389648	35.1829986572266	5.86818998313671	27.7144667565874	-279.05089992947	10	0.027	0.729544521818959
	105.190002441406	5.87830018997192	35.1828994750977	5.86938558162203	27.7142362163813	-279.05089992947	10	0.027	0.584180672708005
	109.839996337891	5.87849998474121	35.1833992004395	5.86918738564634	27.7146566430276	-279.05089992947	10	0.027	0.515254251387832
	115.169998168945	5.88000011444092	35.1828994750977	5.87022998464318	27.7141287837733	-279.05089992947	10	0.027	0.446192476870943
	120.160003662109	5.87690019607544	35.1829986572266	5.86670533018426	27.7146556081818	-279.05089992947	10	0.027	0.389950681369091
	125.639999389648	5.87599992752075	35.1842994689941	5.86533580106836	27.7158585631828	-279.05089992947	10	0.027	0.336319092195212
	130.5			5.87809991836548	35.1833000183105	5.86701683988103	27.7148543207691	-279.05089992947	10	0.027	0.294960182300171
	135.179992675781	5.88079977035522	35.182201385498		5.86931212651019	27.713693472585		-279.05089992947	10	0.027	0.259947729320767
	140.309997558594	5.88079977035522	35.1823997497559	5.86887098805129	27.7139064718169	-279.05089992947	10	0.027	0.226324642074684
	144.929992675781	5.87610006332397	35.1827011108398	5.86377891657441	27.7147924612243	-279.05089992947	10	0.027	0.199782758706366
	150.369995117188	5.87720012664795	35.1831016540527	5.86440927889323	27.7150290794566	-279.05089992947	10	0.027	0.172491938804634
	159.949996948242	5.87720012664795	35.1824989318848	5.86358359475742	27.7146574005687	-279.05089992947	10	0.027	0.133178516075577
	170.660003662109	5.88290023803711	35.1819000244141	5.86835156497321	27.7135773373805	-279.05089992947	10	0.027	0.0997353595031053
	180.039993286133	5.88049983978271	35.1815986633301	5.86514290821088	27.7137471155063	-279.05089992947	10	0.027	0.0774211929043769
	190.020004272461	5.88390016555786	35.1809997558594	5.86767363731818	27.7129515868335	-279.05089992947	10	0.027	0.0591336571136045
	200.309997558594	5.87389993667603	35.1786994934082	5.85679623304163	27.712515271209		-279.05089992947	10	0.027	0.0447893522371448
	210.660003662109	5.69820022583008	35.1789016723633	5.68048317575044	27.7349026325214	-279.05089992947	10	0.027	0.033869681835844
	220.720001220703	5.6862998008728		35.1792984008789	5.66774090988904	27.7368092572606	-279.05089992947	10	0.027	0.0258135704225833
	229.869995117188	5.67049980163574	35.179500579834		5.65118445613168	27.7390359157862	-279.05089992947	10	0.027	0.0201630254488711
	240.380004882812	5.62029981613159	35.1775016784668	5.60017731029276	27.7438009818482	-279.05089992947	10	0.027	0.0151815403650102
	250.350006103516	5.48420000076294	35.1707992553711	5.46349145978769	27.7553548899132	-279.05089992947	10	0.027	0.0115986673417564
	260.459991455078	5.42379999160767	35.1682014465332	5.40235914315591	27.7607681157119	-279.05089992947	10	0.027	0.00882793038526706
	269.989990234375	5.36320018768311	35.1688995361328	5.34108272149687	27.7687660213869	-279.05089992947	10	0.027	0.0068251248616304
	279.730010986328	5.3112998008728		35.1664009094238	5.28847839947157	27.7731430835429	-279.05089992947	10	0.027	0.00524686143192176
	289.920013427734	5.16499996185303	35.1577987670898	5.14165918441454	27.7838959216836	-279.05089992947	10	0.027	0.00398485135105545
	300.399993896484	5.03879976272583	35.154598236084		5.01488863894594	27.7963264297603	-279.05089992947	10	0.027	0.0030027860371758