	6.25			5.86380004882812	35.1828002929688	5.86327551634776	27.7149349126137	-279.05089992947	10	0.027	8.44720057004983
	9.85000038146973	5.8636999130249		35.1833000183105	5.86287299444063	27.7153813137393	-279.05089992947	10	0.027	7.66477442520985
	15.25			5.86469984054565	35.1833000183105	5.86341887534276	27.7153119025636	-279.05089992947	10	0.027	6.62489877820494
	19.7399997711182	5.86100006103516	35.1834983825684	5.8593418707941		27.715987112836		-279.05089992947	10	0.027	5.86853541424976
	24.8700008392334	5.86310005187988	35.1829986572266	5.86100963109919	27.7153798832298	-279.05089992947	10	0.027	5.10946688168039
	30.3299999237061	5.86439990997314	35.1832008361816	5.86184904863723	27.7154330630788	-279.05089992947	10	0.027	4.40911987651174
	34.4500007629395	5.86509990692139	35.1831016540527	5.86220133755746	27.7153098318668	-279.05089992947	10	0.027	3.94494523627216
	39.7700004577637	5.86800003051758	35.1827011108398	5.86465145522217	27.714681504799		-279.05089992947	10	0.027	3.41710971309314
	44.5699996948242	5.8653998374939		35.1837997436523	5.86164639378825	27.7159324902543	-279.05089992947	10	0.027	3.00174894730177
	50.4300003051758	5.86619997024536	35.1838989257812	5.86195058635976	27.7159722558622	-279.05089992947	10	0.027	2.56247883457995
	54.5999984741211	5.86679983139038	35.1832008361816	5.86219724533007	27.7153887928541	-279.05089992947	10	0.027	2.28961832688514
	60.2900009155273	5.86980009078979	35.1828994750977	5.8647140219368		27.7148304282557	-279.05089992947	10	0.027	1.96355198089259
	64.370002746582		5.87190008163452	35.1829986572266	5.86646688015716	27.7146859372931	-279.05089992947	10	0.027	1.75873538377517
	69.5999984741211	5.87410020828247	35.1825981140137	5.86822181230904	27.7141459340246	-279.05089992947	10	0.027	1.52712232974897
	74.2699966430664	5.87419986724854	35.1825981140137	5.86792450122384	27.714183754553		-279.05089992947	10	0.027	1.34621262073367
	80.5199966430664	5.87510013580322	35.1827011108398	5.86829250046461	27.7142183977646	-279.05089992947	10	0.027	1.13717280172697
	83.9000015258789	5.87489986419678	35.1827011108398	5.86780456210206	27.7142804677142	-279.05089992947	10	0.027	1.03798885925937
	87.4599990844727	5.87559986114502	35.1825981140137	5.86820080491334	27.714148606379		-279.05089992947	10	0.027	0.94286243959474
	90.9400024414062	5.87559986114502	35.1828994750977	5.867904087625		27.7144246859161	-279.05089992947	10	0.027	0.858305679676598
	96.9599990844727	5.87639999389648	35.1829986572266	5.86818998313671	27.7144667565874	-279.05089992947	10	0.027	0.729544521818959
	105.190002441406	5.87830018997192	35.1828994750977	5.86938558162203	27.7142362163813	-279.05089992947	10	0.027	0.584180672708005
	109.839996337891	5.87849998474121	35.1833992004395	5.86918738564634	27.7146566430276	-279.05089992947	10	0.027	0.515254251387832
	115.169998168945	5.88000011444092	35.1828994750977	5.87022998464318	27.7141287837733	-279.05089992947	10	0.027	0.446192476870943
	120.160003662109	5.87690019607544	35.1829986572266	5.86670533018426	27.7146556081818	-279.05089992947	10	0.027	0.389950681369091
	125.639999389648	5.87599992752075	35.1842994689941	5.86533580106836	27.7158585631828	-279.05089992947	10	0.027	0.336319092195212
	130.5			5.87809991836548	35.1833000183105	5.86701683988103	27.7148543207691	-279.05089992947	10	0.027	0.294960182300171
	135.179992675781	5.88079977035522	35.182201385498		5.86931212651019	27.713693472585		-279.05089992947	10	0.027	0.259947729320767
	140.309997558594	5.88079977035522	35.1823997497559	5.86887098805129	27.7139064718169	-279.05089992947	10	0.027	0.226324642074684
	144.929992675781	5.87610006332397	35.1827011108398	5.86377891657441	27.7147924612243	-279.05089992947	10	0.027	0.199782758706366
	150.369995117188	5.87720012664795	35.1831016540527	5.86440927889323	27.7150290794566	-279.05089992947	10	0.027	0.172491938804634
	159.949996948242	5.87720012664795	35.1824989318848	5.86358359475742	27.7146574005687	-279.05089992947	10	0.027	0.133178516075577
	170.660003662109	5.88290023803711	35.1819000244141	5.86835156497321	27.7135773373805	-279.05089992947	10	0.027	0.0997353595031053
	180.039993286133	5.88049983978271	35.1815986633301	5.86514290821088	27.7137471155063	-279.05089992947	10	0.027	0.0774211929043769
	190.020004272461	5.88390016555786	35.1809997558594	5.86767363731818	27.7129515868335	-279.05089992947	10	0.027	0.0591336571136045
	200.309997558594	5.87389993667603	35.1786994934082	5.85679623304163	27.712515271209		-279.05089992947	10	0.027	0.0447893522371448
	210.660003662109	5.69820022583008	35.1789016723633	5.68048317575044	27.7349026325214	-279.05089992947	10	0.027	0.033869681835844
	220.720001220703	5.6862998008728		35.1792984008789	5.66774090988904	27.7368092572606	-279.05089992947	10	0.027	0.0258135704225833
	229.869995117188	5.67049980163574	35.179500579834		5.65118445613168	27.7390359157862	-279.05089992947	10	0.027	0.0201630254488711
	240.380004882812	5.62029981613159	35.1775016784668	5.60017731029276	27.7438009818482	-279.05089992947	10	0.027	0.0151815403650102
	250.350006103516	5.48420000076294	35.1707992553711	5.46349145978769	27.7553548899132	-279.05089992947	10	0.027	0.0115986673417564
	260.459991455078	5.42379999160767	35.1682014465332	5.40235914315591	27.7607681157119	-279.05089992947	10	0.027	0.00882793038526706
	269.989990234375	5.36320018768311	35.1688995361328	5.34108272149687	27.7687660213869	-279.05089992947	10	0.027	0.0068251248616304
	279.730010986328	5.3112998008728		35.1664009094238	5.28847839947157	27.7731430835429	-279.05089992947	10	0.027	0.00524686143192176
	289.920013427734	5.16499996185303	35.1577987670898	5.14165918441454	27.7838959216836	-279.05089992947	10	0.027	0.00398485135105545
	300.399993896484	5.03879976272583	35.154598236084		5.01488863894594	27.7963264297603	-279.05089992947	10	0.027	0.0030027860371758
	309.579986572266	4.97650003433228	35.1615982055664	4.95198382129962	27.809236685682		-279.05089992947	10	0.027	0.00234358248361591
	319.570007324219	4.93580007553101	35.1629981994629	4.91056971946293	27.8151670061966	-279.05089992947	10	0.027	0.00178952491537896
	330.25			4.85500001907349	35.1646995544434	4.82910736447008	27.8259393948413	-279.05089992947	10	0.027	0.00134123438393515
	337.859985351562	4.77089977264404	35.1570014953613	4.74461733380467	27.8295198607102	-279.05089992947	10	0.027	0.00109212000664977
	349.910003662109	4.70230007171631	35.1538009643555	4.6752380776502		27.8348725900889	-279.05089992947	10	0.027	0.000788810056311974
	360.679992675781	4.64300012588501	35.1534996032715	4.61524338947814	27.8414132423491	-279.05089992947	10	0.027	0.000589771898074354
	370.200012207031	4.58549976348877	35.1515998840332	4.55715151677474	27.846428915967		-279.05089992947	10	0.027	0.000456092354756616
	379.899993896484	4.57399988174438	35.1542015075684	4.54491373988136	27.8498647172737	-279.05089992947	10	0.027	0.000351003366909017
	390.700012207031	4.57270002365112	35.1576995849609	4.54275709117327	27.852884392197		-279.05089992947	10	0.027	0.000262223009069702
	400.230010986328	4.56650018692017	35.1584014892578	4.53581724168023	27.8542176165511	-279.05089992947	10	0.027	0.000202732090126129
	420.149993896484	4.48920011520386	35.154598236084		4.45718359017956	27.8599454086864	-279.05089992947	10	0.027	0.000118397287878178
	439.720001220703	4.2866997718811		35.1351013183594	4.25383771585776	27.8667291598827	-279.05089992947	10	0.027	6.98015082708199e-05
	460.130004882812	4.12550020217896	35.1227989196777	4.09163216535324	27.8743583781911	-279.05089992947	10	0.027	4.02288950242295e-05
	480.029998779297	3.90849995613098	35.1025009155273	3.87392834807038	27.8810726019292	-279.05089992947	10	0.027	2.35067046312744e-05
	500.119995117188	3.54550004005432	35.0779991149902	3.51085493928264	27.8984004220786	-279.05089992947	10	0.027	1.36652454722602e-05
	525.200012207031	3.14650011062622	35.0499992370605	3.11169843849527	27.9146964232805	-279.05089992947	10	0.027	6.94273175263842e-06
	550.299987792969	2.66300010681152	35.0189018249512	2.6285730121897		27.933947154504		-279.05089992947	10	0.027	3.52540731713199e-06
	575.450012207031	2.34310007095337	35.0004997253418	2.30847389388404	27.9468161530838	-279.05089992947	10	0.027	1.78772760932609e-06
	599.820007324219	1.98539996147156	34.9827003479004	1.95093030809363	27.9618321282187	-279.05089992947	10	0.027	9.25848609099112e-07
	623.530029296875	1.55599999427795	34.9589996337891	1.52223338952598	27.9757453330885	-279.05089992947	10	0.027	4.88109682063113e-07
	650.109985351562	1.09249997138977	34.9390983581543	1.0596187677988		27.9925931152306	-279.05089992947	10	0.027	2.38145379506487e-07
	675.489990234375	0.848399996757507	34.9304008483887	0.815443823823801	28.0017902126995	-279.05089992947	10	0.027	1.20015535105129e-07
	699.919982910156	0.688799977302551	34.9249992370605	0.655424049641852	28.0076244383738	-279.05089992947	10	0.027	6.20543982422257e-08
	725.080017089844	0.533699989318848	34.9197998046875	0.499893120986244	28.0130053564844	-279.05089992947	10	0.027	3.14591685510151e-08
	749.960021972656	0.395300000905991	34.9154014587402	0.361026732769267	28.0177299053607	-279.05089992947	10	0.027	1.60696168464219e-08
	774.789978027344	0.278400003910065	34.9113006591797	0.24357193832187	28.0212145334669	-279.05089992947	10	0.027	8.21959981192402e-09
	800.619995117188	0.136700004339218	34.9054985046387	0.101468661411861	28.0244999342308	-279.05089992947	10	0.027	4.09231597060574e-09
	825.030029296875	0.049600001424551	34.9059982299805	0.0137059532568105	28.0296872553017	-279.05089992947	10	0.027	2.11708499242262e-09
	850.650024414062	-0.00570000009611249	34.904899597168		-0.0425137840980428	28.0318097741422	-279.05089992947	10	0.027	1.06003324491632e-09
	874.900024414062	-0.0586000010371208	34.9053001403809	-0.0962721270094247	28.0349711008037	-279.05089992947	10	0.027	5.50763528822456e-10
	900.030029296875	-0.0769999995827675	34.9043006896973	-0.115817653764862	28.0351857476244	-279.05089992947	10	0.027	2.7944218450514e-10
	925.640014648438	-0.114699997007847	34.9054985046387	-0.154548579195833	28.0381633914512	-279.05089992947	10	0.027	1.39955681728923e-10
	950.570007324219	-0.164599999785423	34.902099609375		-0.205337518431055	28.0380214054414	-279.05089992947	10	0.027	7.13941555653836e-11
	974.590026855469	-0.200100004673004	34.904598236084		-0.241796063390522	28.0418887347064	-279.05089992947	10	0.027	3.73254531431689e-11
	999.929992675781	-0.211300000548363	34.9057006835938	-0.254216014565649	28.0434052710293	-279.05089992947	10	0.027	1.883084857438e-11
	1050.32995605469	-0.295300006866455	34.9054985046387	-0.340127621706315	28.0475106229835	-279.05089992947	10	0.027	4.82928003484961e-12
	1100.59997558594	-0.380499988794327	34.9039001464844	-0.427195867662262	28.0504409723103	-279.05089992947	10	0.027	1.24284967516878e-12
    	1149.97998046875	-0.445199996232986	34.9007987976074	-0.493882877720987	28.0510956849409	-279.05089992947	10	0.027	3.27635600021283e-13
